500 0.5
0.35400703 0.15221585
0.39609653 0.21764476
0.14536991 0.34779305
0.41677590 0.39177498
0.27053803 0.47871512
0.02079260 0.10857136
0.47921840 0.32627641
0.25039509 0.30385054
0.04138582 0.43451187
0.16682972 0.13015731
0.14544931 0.26115751
0.14616710 0.21728642
0.02119921 0.47789420
0.18777579 0.02220850
0.02047531 0.15242862
0.37502570 0.39179972
0.31290572 0.17401356
0.35451576 0.28284101
0.27041532 0.41288083
0.18734593 0.08652794
0.16633467 0.43490133
0.41623449 0.23897023
0.43703303 0.17351638
0.02125251 0.08694623
0.33363227 0.21735423
0.04125917 0.02186974
0.35434745 0.39090762
0.27131525 0.17349109
0.06235289 0.06507026
0.06217464 0.47870232
0.12490472 0.45658659
0.16693822 0.17425865
0.16655843 0.23932327
0.12483588 0.39116970
0.37543815 0.13018160
0.39584233 0.19612384
0.41664970 0.02160393
0.08325827 0.04351816
0.12531212 0.41256127
0.45865768 0.43455189
0.02107794 0.21695914
0.04143342 0.36995472
0.35396856 0.13001791
0.35416197 0.06530426
0.47929793 0.34745937
0.18723544 0.23917874
0.04209455 0.30395600
0.12523898 0.47804543
0.45800932 0.30413774
0.18761880 0.19610262
0.12547556 0.36949656
0.02045180 0.23889415
0.16690771 0.28254136
0.14623844 0.12997116
0.27085477 0.06485576
0.18722875 0.39163891
0.27110601 0.02221261
0.18728229 0.41314536
0.31216593 0.41264530
0.04119673 0.32566148
0.16670408 0.02220813
0.31297419 0.21773928
0.22961973 0.10835468
0.33338518 0.23952878
0.18721319 0.04303555
0.12518530 0.15185732
0.06272561 0.36956253
0.33356679 0.10846657
0.27089038 0.36972381
0.10379797 0.08717415
0.39597413 0.10868503
0.24966955 0.32591523
0.37463353 0.19590414
0.41617224 0.17367704
0.43752460 0.26110083
0.29140922 0.08687194
0.35406466 0.21730443
0.29165172 0.39137825
0.29189989 0.23943221
0.29170905 0.02176849
0.20867692 0.08721413
0.14592385 0.17405323
0.12533084 0.32589910
0.24956689 0.34782480
0.02099923 0.41332089
0.02040162 0.30420728
0.31258896 0.13047158
0.06267468 0.34793599
0.02095833 0.17348900
0.37499877 0.17383161
0.04118668 0.45632851
0.06281587 0.21766549
0.33364640 0.34804207
0.29188029 0.36974798
0.10429233 0.43504620
0.41629152 0.43501871
0.10377507 0.13023681
0.39566536 0.23912436
0.10373518 0.41352223
0.22959731 0.19521842
0.20796343 0.06498072
0.41709481 0.19559777
0.10432371 0.36973264
0.43777329 0.41316234
0.12483782 0.13074255
0.47916547 0.43464350
0.06251102 0.08665634
0.18723666 0.30477426
0.47922394 0.15231470
0.08293651 0.13019808
0.20881925 0.21752415
0.43768416 0.04332988
0.31208448 0.23935808
0.37524495 0.30401402
0.27119886 0.23908287
0.47883005 0.19537610
0.43773384 0.39160345
0.39565515 0.04298969
0.10393088 0.30424326
0.02124331 0.43448411
0.29193655 0.10831766
0.22886285 0.45624422
0.22961026 0.41352467
0.08343292 0.02180121
0.33363107 0.17358418
0.33300569 0.32577967
0.02080132 0.13089382
0.10373586 0.21732496
0.16716645 0.21701964
0.04145505 0.17427462
0.41713915 0.30445653
0.24994351 0.15198646
0.14622064 0.30456096
0.14567343 0.39082665
0.43726623 0.21780867
0.20881064 0.19597230
0.35386257 0.45633578
0.25030945 0.10870203
0.16622485 0.36997339
0.43796683 0.12998629
0.35374494 0.36914053
0.45816621 0.02141649
0.39591959 0.30432841
0.14586424 0.36921462
0.04130808 0.08727300
0.33367779 0.28229354
0.16638167 0.30466853
0.27047284 0.15244313
0.43761553 0.30482247
0.27083102 0.34737438
0.12479723 0.43516925
0.27076513 0.10900741
0.10409583 0.26056622
0.12520151 0.34772460
0.35464362 0.32600627
0.18705987 0.36947049
0.14610230 0.47830301
0.14583922 0.43434720
0.20847806 0.32656337
0.22886147 0.30423572
0.39615119 0.41278614
0.12540093 0.30413772
0.47915694 0.04333310
0.27093334 0.08649234
0.10412261 0.02182564
0.33355741 0.45626896
0.12487525 0.17394175
0.04137463 0.19526701
0.27069561 0.13017203
0.14536713 0.06514646
0.20879735 0.10876622
0.33314430 0.26077716
0.06293033 0.41289683
0.14567895 0.08701881
0.06238895 0.26085698
0.06240782 0.30399075
0.08372060 0.41299441
0.25023845 0.21715108
0.02075992 0.06486053
0.37503601 0.45649700
0.37483898 0.08692226
0.37533451 0.10911313
0.41641857 0.06518538
0.41656204 0.10882731
0.02125671 0.45685969
0.18720448 0.43459100
0.29206817 0.32618303
0.41671832 0.41269775
0.43779128 0.45632886
0.12462879 0.21764425
0.20881951 0.15257800
0.08338263 0.10915520
0.04178008 0.41264032
0.45832709 0.19581906
0.20820753 0.04371925
0.35406423 0.08710761
0.16694246 0.45617314
0.14549837 0.45615424
0.22890349 0.28299626
0.18789365 0.45666636
0.39566806 0.39121526
0.20840008 0.39081568
0.47894114 0.26039702
0.45869898 0.17388840
0.45812362 0.39166220
0.14595181 0.32562589
0.12468907 0.28227480
0.22881272 0.47874790
0.33369435 0.08676215
0.43721954 0.15218657
0.31264512 0.02176798
0.37539712 0.15224987
0.08376082 0.26129942
0.06230487 0.45624027
0.45831051 0.23952323
0.37500997 0.43523679
0.20864362 0.41269470
0.08300661 0.23906499
0.20854103 0.30390291
0.22905004 0.04395150
0.35404525 0.47794767
0.47912769 0.23903616
0.08362200 0.36963550
0.06238126 0.19558348
0.12539231 0.10909353
0.12481255 0.19614807
0.47883666 0.06518389
0.27041553 0.43506691
0.24987982 0.39102148
0.08294326 0.21697874
0.33375611 0.47796089
0.16638098 0.32624350
0.29124578 0.15233358
0.16670964 0.34752684
0.45818049 0.12999974
0.41621237 0.32624330
0.04120173 0.26053822
0.47959120 0.30398758
0.39604518 0.45695445
0.06233707 0.23908034
0.02060969 0.39156438
0.29209717 0.17422209
0.31299006 0.06567579
0.33344269 0.13026959
0.27103123 0.21717957
0.24993097 0.02192543
0.22912398 0.13045607
0.22918356 0.36979424
0.10403774 0.15249174
0.14602943 0.04341247
0.22929598 0.32612173
0.08344720 0.34772528
0.37469176 0.41349212
0.16620422 0.39119197
0.16653553 0.06531877
0.45839403 0.45680400
0.02100632 0.36945235
0.29143609 0.04388979
0.33308535 0.30448670
0.35378878 0.17351115
0.33291822 0.36975870
0.12474001 0.04305374
0.29209279 0.30411414
0.31218294 0.36990628
0.25025193 0.04354599
0.20878715 0.17399481
0.08306454 0.30457058
0.45828670 0.08716563
0.31201931 0.15176914
0.41660330 0.26056300
0.20793980 0.34789136
0.06279404 0.43494098
0.35416970 0.10907060
0.10448868 0.47874031
0.41679059 0.15180944
0.45871827 0.06565248
0.04188560 0.34827719
0.29125524 0.28300556
0.22870760 0.06515011
0.25024949 0.28216752
0.39627747 0.36956366
0.06224841 0.15227744
0.24974408 0.08728942
0.29203540 0.43481269
0.04143816 0.13047788
0.08331452 0.06561832
0.20870527 0.28226473
0.37545638 0.04375714
0.41693320 0.28299787
0.10465522 0.34830685
0.47896662 0.41266315
0.31207582 0.10881716
0.43759272 0.02159594
0.24958141 0.36930925
0.24989216 0.41334918
0.35422577 0.34768753
0.47868710 0.39119635
0.47960665 0.10830308
0.08369711 0.43487278
0.20785022 0.45608604
0.10430490 0.32637832
0.31244440 0.39086148
0.39577701 0.08654487
0.18772028 0.47817030
0.29168742 0.41293208
0.47932782 0.28268413
0.41617878 0.13013700
0.33322297 0.41316749
0.22959632 0.08745602
0.27113253 0.30404391
0.04121573 0.04381637
0.06227527 0.10833239
0.35427328 0.43441351
0.45821942 0.26062156
0.16630744 0.41295276
0.41684289 0.08729830
0.06230611 0.32565875
0.27117206 0.39100857
0.02116700 0.19598723
0.08310366 0.32646925
0.31277951 0.34745618
0.16681924 0.26065882
0.43771682 0.34780981
0.10452146 0.06480087
0.45833431 0.34764919
0.37535395 0.26089635
0.31247842 0.45685392
0.16626120 0.15174845
0.35414715 0.04359789
0.06276002 0.13042615
0.43758275 0.32617755
0.39573206 0.26088812
0.16634230 0.47821277
0.04135118 0.28230512
0.16688404 0.08703975
0.45791802 0.04302658
0.39617916 0.34755832
0.22875737 0.02190028
0.39620757 0.13075186
0.20784860 0.02184988
0.14575148 0.10902033
0.33284391 0.43463343
0.10442868 0.17370692
0.20795325 0.13006021
0.08353684 0.47838336
0.02119756 0.02172609
0.18765277 0.32581379
0.18782270 0.17354700
0.22910134 0.39089215
0.31278043 0.43521116
0.37549649 0.36933229
0.04199593 0.15214594
0.14567267 0.41286886
0.20798309 0.43509534
0.45832184 0.36915682
0.47954736 0.08720698
0.29139113 0.45674991
0.35372497 0.23934923
0.27067684 0.19573317
0.37511074 0.02168214
0.39600532 0.32625707
0.10460123 0.28286856
0.29162264 0.21764542
0.12467320 0.26117691
0.10410365 0.04306981
0.43728428 0.43489551
0.31285005 0.47818490
0.06270426 0.17382600
0.43743038 0.28217391
0.39607260 0.15181355
0.33316004 0.06481430
0.02062991 0.04319666
0.47902703 0.21761543
0.37536548 0.34774889
0.25028518 0.43449880
0.31207347 0.19562969
0.08355781 0.17384996
0.41684850 0.04388652
0.22882451 0.26070046
0.47889429 0.13003967
0.04125191 0.21761926
0.10382937 0.23962182
0.22954602 0.34819604
0.18783312 0.28299483
0.08287574 0.45605902
0.41618868 0.45609534
0.18798457 0.13071017
0.39597042 0.17368078
0.37482653 0.06483219
0.20813473 0.26089373
0.27059822 0.26085543
0.29157530 0.13057369
0.35385872 0.19539417
0.18706641 0.21735539
0.14626016 0.15215242
0.31227381 0.04353501
0.20800112 0.47866652
0.43731851 0.10831502
0.04136882 0.23906996
0.14586691 0.28245343
0.18703434 0.26069929
0.33371537 0.04309291
0.22938354 0.23955208
0.37547280 0.28289851
0.43711901 0.06567219
0.22962539 0.17377820
0.41696049 0.36926138
0.45841179 0.32578426
0.31202832 0.08703218
0.25005224 0.47847396
0.39577787 0.43494940
0.37533799 0.21694649
0.41651487 0.34750325
0.18745409 0.34793425
0.31260160 0.28239676
0.18756061 0.06549512
0.45845818 0.28241043
0.14604693 0.19573484
0.06220057 0.28274642
0.16628235 0.10820040
0.10442729 0.10822261
0.39619343 0.06479379
0.14571887 0.23933749
0.35417688 0.26070828
0.33323909 0.19595618
0.25033627 0.17346560
0.08310958 0.19593063
0.24970991 0.23874453
0.45859036 0.15238697
0.31297961 0.26083232
0.27041873 0.32608768
0.27099472 0.28237446
0.25006993 0.26069446
0.39548585 0.02202650
0.02098182 0.28221120
0.20802700 0.23947784
0.45783610 0.21763462
0.06258251 0.02208072
0.12515663 0.23924616
0.29136673 0.47830497
0.43791508 0.19560609
0.43729930 0.36977617
0.29181153 0.06535316
0.12454244 0.08667688
0.22905149 0.15263866
0.33335788 0.02214065
0.16662732 0.04298352
0.24953172 0.13022270
0.25035588 0.06524223
0.06262067 0.39137043
0.45877506 0.10865974
0.20849049 0.36946953
0.47918866 0.36937627
0.04164982 0.06514881
0.47925624 0.02194932
0.35389891 0.41325321
0.29142125 0.34805685
0.27100779 0.45692536
0.27073448 0.04300136
0.45838643 0.41330102
0.06272576 0.04395926
0.35402773 0.02203381
0.18777990 0.10822998
0.12501417 0.06503996
0.12541897 0.02203972
0.04197158 0.10858411
0.22936524 0.21780478
0.10453658 0.45602849
0.08301881 0.15242715
0.29212672 0.19592039
0.29160494 0.26043397
0.33301172 0.15235066
0.04171246 0.39097549
0.31267938 0.32633578
0.02056672 0.26125865
0.16627143 0.19538455
0.22903765 0.43487547
0.43729803 0.08706469
0.04193034 0.47839453
0.43762739 0.23916562
0.08348727 0.39145319
0.33327491 0.39128169
0.02078136 0.32583542
0.47935311 0.45685749
0.31220955 0.30447202
0.39626484 0.28264193
0.35367332 0.30424368
0.10425865 0.39089227
0.25016254 0.45660482
0.02094151 0.34784435
0.08324255 0.28277047
0.24969297 0.19593669
0.18750094 0.15260587
0.14618739 0.02222878
0.10422196 0.19611404
0.37526677 0.23922652
0.41688938 0.21746193
0.08286067 0.08710164
0.37482576 0.32607300
0.47933511 0.17355726
0.34627471 0.14111414
0.40947465 0.22229760
0.13930648 0.34556636
0.42496437 0.38875123
0.25577285 0.49857225
0.01875580 0.10235674
0.47878810 0.32148860
0.27014954 0.27898609
0.05027396 0.42226966
0.17498216 0.11628389
0.12624820 0.27555473
0.16285561 0.21204243
0.03672095 0.48179251
0.19626514 0.04636173
0.00257403 0.16516393
0.37631073 0.41656848
0.33137295 0.17792700
0.37194920 0.29445152
0.24951485 0.40474825
0.17192059 0.07962276
0.15439613 0.43950764
0.40453004 0.23603684
0.41509669 0.15253192
0.03171696 0.07795589
0.34022543 0.21683805
0.04430729 0.03494113
0.36338660 0.37107130
0.29412914 0.17059350
0.05499760 0.05771391
0.04746091 0.49711911
0.12014060 0.45982898
0.18463214 0.18165041
0.15959080 0.23868269
0.11662972 0.38443739
0.40191947 0.13665960
0.39629208 0.21970716
0.41580143 0.01484378
0.07950533 0.04551314
0.13700130 0.38717400
0.47134548 0.42166496
0.02829044 0.22152624
0.02244447 0.37992071
0.34799922 0.12844143
0.35452003 0.06825805
0.48887798 0.34338424
0.17400722 0.24159404
0.04284950 0.29727498
0.13718807 0.46727344
0.44180869 0.29363340
0.19355870 0.21862490
0.14534005 0.36129910
0.00137527 0.22707987
0.17895963 0.27917456
0.16649380 0.10678993
0.27232907 0.04680528
0.17356126 0.40806672
0.29502687 0.03459003
0.17711721 0.41693468
0.30071350 0.39484194
0.02164228 0.30164128
0.17270887 0.01069100
0.33668385 0.23513831
0.25359161 0.12107954
0.32430581 0.24920359
0.17320833 0.02185856
0.13433230 0.13976450
0.07400619 0.36942829
0.34174243 0.10002982
0.27374293 0.37765367
0.08536332 0.09805577
0.40301405 0.10815400
0.23688185 0.31426449
0.36031912 0.20314239
0.40829394 0.16459868
0.44294210 0.25339680
0.27853713 0.08264309
0.35330879 0.21698338
0.28611434 0.39370642
0.29841466 0.23765173
0.29486814 0.02122229
0.22585628 0.10009448
0.14576003 0.17240403
0.13417540 0.31775178
0.23574569 0.34023714
0.02460145 0.40784528
0.00118399 0.29717977
0.31703711 0.13231146
0.07106354 0.35494575
0.03022003 0.15508729
0.37493737 0.16976000
0.01615027 0.44418437
0.07921892 0.22934101
0.33621111 0.33592451
0.28601796 0.36519408
0.11024410 0.43253787
0.40203954 0.42803227
0.10143729 0.12778078
0.38579444 0.23877817
0.08216077 0.43745975
0.25183879 0.17656165
0.18745398 0.05879462
0.43850208 0.19287741
0.11479579 0.36228585
0.45143791 0.41910532
0.11672879 0.14613083
0.48263517 0.42903932
0.06306194 0.07164734
0.18084065 0.32702186
0.47865840 0.14923410
0.06580995 0.11238279
0.23190656 0.22140227
0.44430389 0.03897477
0.31485332 0.24704778
0.38132092 0.29647990
0.28585212 0.23903797
0.46199907 0.18157261
0.43926101 0.40479420
0.39440090 0.03972029
0.09214139 0.29901514
0.02510848 0.43312072
0.30530313 0.10004727
0.21274806 0.44322707
0.24121684 0.44274092
0.08841207 0.02490502
0.32724169 0.16039204
0.31693927 0.31239953
0.01618921 0.15104498
0.08219559 0.21400763
0.16993397 0.19641803
0.03534606 0.16627940
0.44076308 0.30989158
0.24711908 0.14261392
0.15469201 0.29392278
0.13625776 0.37604425
0.42557772 0.23867717
0.22625567 0.21312303
0.35281815 0.44945494
0.26195976 0.10961526
0.14804291 0.37725677
0.44236973 0.10742395
0.34580722 0.37078107
0.44980998 0.00528456
0.40023253 0.30335777
0.15405413 0.35077355
0.03387311 0.11157253
0.35393481 0.26779553
0.16535435 0.32421069
0.26388355 0.14703358
0.44418285 0.32177262
0.27071559 0.32478898
0.12029786 0.43783165
0.27498007 0.11127030
0.09954054 0.25368675
0.12007114 0.34164772
0.35818172 0.31905680
0.16505360 0.36473418
0.14279765 0.48395958
0.14351153 0.41604868
0.21569443 0.35030792
0.21210185 0.30900089
0.41204423 0.39991913
0.14470610 0.29356165
0.47710126 0.03981132
0.27587556 0.06787758
0.10258818 0.01378911
0.33060055 0.44121295
0.11863767 0.17537722
0.03341674 0.17793587
0.26105046 0.13247365
0.13264006 0.06484822
0.23184144 0.11004868
0.33944182 0.27023990
0.08442565 0.40558534
0.13795996 0.09013324
0.05683668 0.26022796
0.07003914 0.28715315
0.10308417 0.41054101
0.26038241 0.20866620
0.00896124 0.04724763
0.37771952 0.46680761
0.36678782 0.08520943
0.38519750 0.10934675
0.40433794 0.06388970
0.41133091 0.11541038
0.04463025 0.45849743
0.17181266 0.42661562
0.30696232 0.33287496
0.41622776 0.42301672
0.45235551 0.44668515
0.10606814 0.23029143
0.22002992 0.17130935
0.07837290 0.12354361
0.04738768 0.39263797
0.45938874 0.20568941
0.20176203 0.05437041
0.35243962 0.09164452
0.18073233 0.43874333
0.14204298 0.44307783
0.23010327 0.29078675
0.20757603 0.46389760
0.38740423 0.38676095
0.20978194 0.37219198
0.46893376 0.23708482
0.47698108 0.17265645
0.45780238 0.41131875
0.15115410 0.31808545
0.11296663 0.28633971
0.21111535 0.49690062
0.35115200 0.07843322
0.42503778 0.15108521
0.31990104 0.02321066
0.39424744 0.15626003
0.10203071 0.28165169
0.05254829 0.44216687
0.45830522 0.24173982
0.37462587 0.44639824
0.22408485 0.39759300
0.06606114 0.23782646
0.20606772 0.28287395
0.22321889 0.06761332
0.36368496 0.46177895
0.47972397 0.23547147
0.09805539 0.37314955
0.05644448 0.19214879
0.13370246 0.12761039
0.11631591 0.22109170
0.46233643 0.06350893
0.24952549 0.44928209
0.24829228 0.38821770
0.05672864 0.21336544
0.33918409 0.46347067
0.15209664 0.33407076
0.27929857 0.14196456
0.16891889 0.33273841
0.45711776 0.10721197
0.40895260 0.32685928
0.01795477 0.24397094
0.49918233 0.28597536
0.40663743 0.47858982
0.05419041 0.23657585
0.00942744 0.40456618
0.30679942 0.17541323
0.33749310 0.08859595
0.32636466 0.12256356
0.28092630 0.20659261
0.24540504 0.03099218
0.22698770 0.13166242
0.23314835 0.36247455
0.10140123 0.16469818
0.15065312 0.05068981
0.23202720 0.33092488
0.08914074 0.34268478
0.36666371 0.43679104
0.14531051 0.39874133
0.15997872 0.07038771
0.46142894 0.47091711
0.02965562 0.36380875
0.28492830 0.06021795
0.32106059 0.30373385
0.35592131 0.16336386
0.31925485 0.37094380
0.11174055 0.02182771
0.30969689 0.28806596
0.31001864 0.37838186
0.26244595 0.04690122
0.22400220 0.18182224
0.06962489 0.31570824
0.45595496 0.09762098
0.29743144 0.13603798
0.41343492 0.24523460
0.19408645 0.35024885
0.06664930 0.42031413
0.36293109 0.10799767
0.12058930 0.49728792
0.42600546 0.13627883
0.47796519 0.08740715
0.05283219 0.37083216
0.28861479 0.28106065
0.20709750 0.06338143
0.25700188 0.26930898
0.41848445 0.36948603
0.05891105 0.16129502
0.25939812 0.09790961
0.30876684 0.43871189
0.03001281 0.13263288
0.08237371 0.08566482
0.22730192 0.26506653
0.39795109 0.05739649
0.43026011 0.30245638
0.12843032 0.37200104
0.46896411 0.39364659
0.29086669 0.11489238
0.43999698 0.00787059
0.24004972 0.37009151
0.25335121 0.42287639
0.35718075 0.34075948
0.45470881 0.38579647
0.49575694 0.10775337
0.09351354 0.44024695
0.17743148 0.45623261
0.10551779 0.33892190
0.31319211 0.39103564
0.39296070 0.06596216
0.19873411 0.47364172
0.29272506 0.40736241
0.48738526 0.28645602
0.39407320 0.11675106
0.32770505 0.41936815
0.22626651 0.08597346
0.26816142 0.31063585
0.02679696 0.06049136
0.05014095 0.08667177
0.35222025 0.41509181
0.44861327 0.26629004
0.15206153 0.40658083
0.41928657 0.10351874
0.05261142 0.30424830
0.28107628 0.38542844
0.03175230 0.21071224
0.07196483 0.34406966
0.33079579 0.34563126
0.15684549 0.25868114
0.44845786 0.34697261
0.11771708 0.03864631
0.45838332 0.33880450
0.38170712 0.26250000
0.31139940 0.47346294
0.15425003 0.13114444
0.35317139 0.04957920
0.06327894 0.13712175
0.44092978 0.33748924
0.40201230 0.26155133
0.16687723 0.47225861
0.03569404 0.26991009
0.17775263 0.09120109
0.44197249 0.02394492
0.40060874 0.33606072
0.20829272 0.02995762
0.41761923 0.12582285
0.18999385 0.02080185
0.15038676 0.11595327
0.31007776 0.42477917
0.11752913 0.16340055
0.18894904 0.11133179
0.09371215 0.48450799
0.01598557 0.01453311
0.19529113 0.31215549
0.20748478 0.16407971
0.22233960 0.38632351
0.32680215 0.45663863
0.40032074 0.35768586
0.04397442 0.14603192
0.13746463 0.40425454
0.19673441 0.42880053
0.45784708 0.34875996
0.49594496 0.08065145
0.28302315 0.46474859
0.34588766 0.24271838
0.26463102 0.19625643
0.36357821 0.01019255
0.38765068 0.33645084
0.12632955 0.29586163
0.29028786 0.22778868
0.11819584 0.26379095
0.10028454 0.03500939
0.42649837 0.44054064
0.33035235 0.47438645
0.07199704 0.17508739
0.42976212 0.27970209
0.40344293 0.15128033
0.32443388 0.04479626
0.01045875 0.02911642
0.47100567 0.22671235
0.39447524 0.34624290
0.26626648 0.42090958
0.31738430 0.19746049
0.09097192 0.17438079
0.42594021 0.06429962
0.21171645 0.25224499
0.47704843 0.11564752
0.02024932 0.22864407
0.07739584 0.24903738
0.22530844 0.34968866
0.20448933 0.30230176
0.07084264 0.45546841
0.38778420 0.45356687
0.21221297 0.14447968
0.38260866 0.16262405
0.36615294 0.04557205
0.19927821 0.26413945
0.26456482 0.25094857
0.27783132 0.13086137
0.34028035 0.18360623
0.18349224 0.22746701
0.16203455 0.15734951
0.30096407 0.04637252
0.19139048 0.49894902
0.43478068 0.10190704
0.02674125 0.23641918
0.14754560 0.27468991
0.18266199 0.25389315
0.34205559 0.04380786
0.24022729 0.26063446
0.40530566 0.28823839
0.41196292 0.08107143
0.24667622 0.16485920
0.43165165 0.35406937
0.46233455 0.31064969
0.28857230 0.08018569
0.25266421 0.48912834
0.39300466 0.44328894
0.39223756 0.19470594
0.42614284 0.33607406
0.17933477 0.35424840
0.31768160 0.27179980
0.19805743 0.06491384
0.46470030 0.27249706
0.15672689 0.19986840
0.05354449 0.27545214
0.14706669 0.08343766
0.11745842 0.08457042
0.41419803 0.04361355
0.14111101 0.25021730
0.35468749 0.25264405
0.32852668 0.21115624
0.26156086 0.16942315
0.07863306 0.19283864
0.25093594 0.22262885
0.47144158 0.16304003
0.31560108 0.26143995
0.24968854 0.32612398
0.27906397 0.27066271
0.25356665 0.25193916
0.38752631 0.02387626
0.01828901 0.25955293
0.19188403 0.25482569
0.43297426 0.22980031
0.06670823 0.03916013
0.13187286 0.24450530
0.28094614 0.48669900
0.45729514 0.19177591
0.42761070 0.37927343
0.29905451 0.07214135
0.10166452 0.07269503
0.23998296 0.17662193
0.32844696 0.03652359
0.16046932 0.05229273
0.22627632 0.12172303
0.26318682 0.06613845
0.06865392 0.39467472
0.48199940 0.10311550
0.21832396 0.35895142
0.48028837 0.35992894
0.04080735 0.06171958
0.48530380 0.02872224
0.34051085 0.42373977
0.27795593 0.35808866
0.26974543 0.47432742
0.25553925 0.03271536
0.46104134 0.42617813
0.07401396 0.06800921
0.36404175 0.02234186
0.20177471 0.08494662
0.11968355 0.05824893
0.14636762 0.03706936
0.05357376 0.10650327
0.22477244 0.23806315
0.10814305 0.45888981
0.07345482 0.16034994
0.29551222 0.22033521
0.27267967 0.25974645
0.31693098 0.16118781
0.05139157 0.38388669
0.32015467 0.32702762
0.00723601 0.28071293
0.15119914 0.19066190
0.22351071 0.43865958
0.43258439 0.08761667
0.05355990 0.48297161
0.44399683 0.24092492
0.09120513 0.39887448
0.33035360 0.39014886
0.01424023 0.31600472
0.48867517 0.47364498
0.30138877 0.31504539
0.41784015 0.28430350
0.33089036 0.29798139
0.10623804 0.38610664
0.25828965 0.46075906
0.02635019 0.34875756
0.08078636 0.29111334
0.24076167 0.20901786
0.17914778 0.16434602
0.16879230 0.03610623
0.10611043 0.21905875
0.37995486 0.24701647
0.42802528 0.22099307
0.06376906 0.09435828
0.38272993 0.32484653
0.49118667 0.16588822
